50
4
20 13
16 24
08 12
30 27
07 19
08 24
23 29
27 13
25 02
12 21
29 03
21 15
29 16
06 25
12 26
16 28
30 25
25 19
07 09
30 13
17 11
06 24
28 28
03 14
29 12
30 17
12 25
24 29
04 28
25 19
26 28
08 21
05 13
27 01
30 20
11 05
20 17
16 01
11 07
20 10
11 20
08 25
15 14
20 20
17 25
28 12
02 15
13 27
06 21
02 21
06 16
30 21
03 04
19 17
09 13
26 23
25 10
03 18
03 12
30 09
28 11
23 06
26 07
04 22
12 01
03 29
01 10
27 30
07 09
18 14
17 08
19 18
04 07
19 13
03 07
04 06
01 25
19 08
26 09
08 20
19 12
11 27
11 08
10 06
22 07
14 18
14 25
08 02
13 14
12 22
21 22
07 28
28 30
20 02
07 12
04 04
25 16
27 26
22 14
06 27
14 17
05 05
03 23
23 24
10 01
15 25
14 23